image: intensityMap.pgm
resolution: 0.200000
# origin: [-727.200000, -164.000000, 0]
origin: [-463.0, -298.0, 0.0]
negate: 0
occupied_thresh: 0.65
free_thresh: 0.196
